60 116
73
34 6 7 110
13 3 28 107
13 5 41 89
10 12 6 69
10 12 6 49
6 7 54 41
6 15 35 88
25 7 35 29
25 15 35 48
21 12 0 26
16 7 28 38
16 5 4 16
21 3 39 23
21 5 7 105
5 7 2 61
5 5 55 13
4 1 50 0
4 10 41 106
6 13 0 68
12 13 0 81
12 9 21 17
23 6 37 81
7 3 4 21
7 5 0 105
2 1 33 6
2 10 53 63
6 6 49 8
6 5 20 71
14 7 21 31
14 6 5 43
16 3 38 26
16 5 12 38
14 6 16 99
14 5 46 36
14 13 45 103
3 2 2 45
3 7 46 41
11 2 22 15
11 7 43 73
6 7 54 0
6 6 50 97
33 14 0 0
12 4 21 27
12 3 4 94
16 18 19 81
12 3 16 65
12 18 23 45
4 4 16 61
4 3 30 103
3 1 9 14
3 2 18 24
6 9 43 13
6 9 43 94
6 1 34 1
6 2 43 7
5 7 2 97
5 18 55 63
3 9 35 18
3 9 40 0
9 18 34 63
6 5 20 76
6 2 54 27
2 12 17 81
2 9 33 14
8 3 20 68
8 9 35 9
10 9 43 63
3 5 0 38
3 2 57 8
3 18 20 45
3 7 49 41
2 3 13 61
2 9 41 94
