60 92
73
34 6 9 43
13 3 14 20
13 5 43 47
10 12 40 80
10 12 50 80
6 7 1 21
6 15 28 59
25 7 13 10
25 15 0 61
21 12 33 17
16 7 44 5
16 5 2 0
21 3 18 0
21 5 39 0
5 7 1 9
5 5 0 38
4 1 5 76
4 10 56 48
6 13 54 16
12 13 16 79
12 9 4 83
23 6 33 52
7 3 14 17
7 5 1 16
2 1 0 79
2 10 6 6
6 6 5 37
6 5 24 49
14 7 24 3
14 6 2 77
16 3 43 12
16 5 8 5
14 6 13 23
14 5 10 49
14 13 34 58
3 2 25 69
3 7 48 60
11 2 43 15
11 7 11 54
6 7 3 43
6 6 22 54
33 14 11 29
12 4 48 76
12 3 16 76
16 18 44 29
12 3 21 17
12 18 28 74
4 4 2 5
4 3 36 71
3 1 30 49
3 2 48 58
6 9 4 52
6 9 27 20
6 1 54 15
6 2 4 50
5 7 38 10
5 18 8 10
3 9 25 60
3 9 30 50
9 18 51 58
6 5 38 5
6 2 18 3
2 12 0 80
2 9 0 0
8 3 33 49
8 9 40 71
10 9 1 28
3 5 25 71
3 2 48 74
3 18 0 43
3 7 48 67
2 3 34 71
2 9 2 83
