60 182
73
34 6 48 46
13 3 57 33
13 5 36 89
10 12 19 33
10 12 21 146
6 7 28 175
6 15 35 40
25 7 41 73
25 15 39 102
21 12 39 127
16 7 19 7
16 5 54 89
21 3 31 2
21 5 49 5
5 7 21 0
5 5 16 174
4 1 6 155
4 10 21 26
6 13 34 15
12 13 23 46
12 9 31 28
23 6 51 159
7 3 50 43
7 5 22 127
2 1 14 173
2 10 16 64
6 6 3 163
6 5 27 59
14 7 3 35
14 6 19 20
16 3 25 163
16 5 55 105
14 6 20 14
14 5 19 132
14 13 10 160
3 2 16 153
3 7 4 175
11 2 14 33
11 7 24 132
6 7 54 152
6 6 4 157
33 14 0 0
12 4 11 156
12 3 11 33
16 18 33 157
12 3 40 37
12 18 39 139
4 4 54 26
4 3 30 160
3 1 15 179
3 2 51 156
6 9 33 147
6 9 35 173
6 1 56 30
6 2 57 146
5 7 51 145
5 18 16 114
3 9 40 14
3 9 43 30
9 18 26 64
6 5 29 105
6 2 58 27
2 12 41 25
2 9 34 0
8 3 22 120
8 9 40 17
10 9 0 49
3 5 57 0
3 2 52 3
3 18 36 129
3 7 13 45
2 3 19 179
2 9 39 80
