60 92
73
34 6 13 43
13 3 22 40
13 5 42 19
10 12 50 49
10 12 50 73
6 7 10 57
6 15 7 28
25 7 47 24
25 15 22 25
21 12 39 61
16 7 34 51
16 5 29 49
21 3 27 74
21 5 54 28
5 7 53 0
5 5 18 75
4 1 46 73
4 10 20 21
6 13 0 22
12 13 7 3
12 9 36 77
23 6 37 86
7 3 3 0
7 5 46 0
2 1 18 49
2 10 19 49
6 6 13 22
6 5 10 64
14 7 2 69
14 6 0 16
16 3 0 0
16 5 34 58
14 6 0 37
14 5 2 49
14 13 16 51
3 2 0 51
3 7 0 30
11 2 39 49
11 7 53 7
6 7 30 19
6 6 14 16
33 14 20 5
12 4 3 4
12 3 24 77
16 18 0 76
12 3 35 40
12 18 18 80
4 4 9 45
4 3 23 74
3 1 23 77
3 2 34 49
6 9 0 43
6 9 0 54
6 1 19 6
6 2 0 70
5 7 55 21
5 18 28 0
3 9 3 28
3 9 41 58
9 18 16 65
6 5 37 19
6 2 58 1
2 12 48 74
2 9 19 3
8 3 6 34
8 9 14 34
10 9 0 60
3 5 55 18
3 2 19 25
3 18 10 0
3 7 9 54
2 3 39 58
2 9 21 19
